%YAML:1.0
ft object:
   fname: "haarcascade_frontalface_alt.xml"
   x offset: -4.1909480933099985e-004
   y offset: 1.1614495515823364e-001
   z offset: 2.5342905521392822e+000
   reference: !!opencv-matrix
      rows: 136
      cols: 1
      dt: f
      data: [ -1.60856143e-001, -7.48519003e-002, -1.58143774e-001,
          -3.28476764e-002, -1.51768297e-001, 8.63826647e-003,
          -1.43077329e-001, 4.96797673e-002, -1.28481016e-001,
          8.89064446e-002, -1.04962863e-001, 1.23408087e-001,
          -7.36402348e-002, 1.50932819e-001, -3.66957337e-002,
          1.70105115e-001, 4.33992734e-003, 1.75694138e-001,
          4.49853763e-002, 1.68666691e-001, 8.07462111e-002,
          1.48537919e-001, 1.10611573e-001, 1.20280698e-001,
          1.33368745e-001, 8.59708861e-002, 1.46817237e-001,
          4.69436087e-002, 1.53978035e-001, 6.18100492e-003,
          1.58918962e-001, -3.49226184e-002, 1.60833031e-001,
          -7.59983286e-002, -1.32625967e-001, -1.15277417e-001,
          -1.13284431e-001, -1.30547926e-001, -8.86676982e-002,
          -1.35860384e-001, -6.33775666e-002, -1.34199575e-001,
          -3.91144753e-002, -1.28198698e-001, 3.29784937e-002,
          -1.29470319e-001, 5.72439097e-002, -1.36033669e-001,
          8.23622942e-002, -1.38390526e-001, 1.07054502e-001,
          -1.34081498e-001, 1.27315909e-001, -1.20654888e-001,
          -1.06431253e-003, -9.22718048e-002, -8.60635890e-004,
          -6.54234514e-002, -7.62106793e-004, -3.86989638e-002,
          -7.83694733e-004, -1.21021876e-002, -3.46768275e-002,
          1.12504466e-002, -1.78420618e-002, 1.56613346e-002,
          -4.44906706e-004, 1.74971968e-002, 1.68295726e-002,
          1.54943243e-002, 3.31048816e-002, 1.09029477e-002,
          -1.01720557e-001, -8.27174336e-002, -8.26829821e-002,
          -9.54150558e-002, -5.94224557e-002, -9.44002047e-002,
          -4.14909795e-002, -8.06518346e-002, -6.18151240e-002,
          -7.62006119e-002, -8.26394036e-002, -7.57056177e-002,
          3.92431244e-002, -8.18132237e-002, 5.70893362e-002,
          -9.61455852e-002, 8.04221034e-002, -9.72684026e-002,
          9.93982032e-002, -8.47653300e-002, 8.01763833e-002,
          -7.76330084e-002, 5.93948886e-002, -7.79984295e-002,
          -6.04511090e-002, 6.66396692e-002, -4.25198600e-002,
          5.40637113e-002, -2.18664706e-002, 4.54974137e-002,
          1.68751358e-004, 4.80795428e-002, 2.25558002e-002,
          4.50338200e-002, 4.36567031e-002, 5.31340241e-002,
          6.23029992e-002, 6.45895079e-002, 4.51192148e-002,
          7.95936435e-002, 2.44856495e-002, 9.03466791e-002,
          1.21148094e-003, 9.36717093e-002, -2.22914275e-002,
          9.09714252e-002, -4.31492031e-002, 8.08829293e-002,
          -4.37507331e-002, 6.53260872e-002, -2.36898363e-002,
          6.09078035e-002, 3.66150634e-004, 6.17406182e-002,
          2.49239281e-002, 6.03931844e-002, 4.50906642e-002,
          6.41792417e-002, 2.50607189e-002, 6.90097585e-002,
          5.25366049e-004, 7.21534714e-002, -2.40599811e-002,
          6.95806667e-002 ]
