%YAML:1.0
ft object:
   V: !!opencv-matrix
      rows: 136
      cols: 18
      dt: f
      data: [ -1.60856143e-001, 7.48519003e-002, 1.21267810e-001,
          1.25760047e-009, 2.60248017e-002, 1.30853251e-001,
          7.25846319e-003, 2.43023828e-001, 7.76538104e-002,
          -1.05713516e-001, -6.42140657e-002, 1.25715926e-001,
          2.30670404e-002, -1.61435232e-001, 9.39881243e-003,
          2.47595105e-002, 3.84636112e-002, -1.77477449e-001,
          -7.48519003e-002, -1.60856143e-001, -1.25201982e-009,
          1.21267810e-001, 3.18960309e-001, -2.30127573e-002,
          -5.31363823e-002, 6.70146942e-002, -1.23903580e-001,
          -3.07400692e-002, 1.65371746e-001, -8.52609724e-002,
          6.31275773e-002, -1.29398773e-003, 2.01793145e-002,
          2.21066296e-001, -1.48331806e-001, 3.35871708e-003,
          -1.58143774e-001, 3.28476764e-002, 1.21267810e-001,
          8.93027707e-010, 4.01119553e-002, 1.42445996e-001,
          -9.15235095e-003, 2.18616232e-001, 5.91699593e-002,
          -1.30690753e-001, -6.12961613e-002, 7.30269998e-002,
          4.04768884e-002, -1.57159641e-001, 1.96897443e-002,
          3.29053216e-002, 5.24809621e-002, -9.50461850e-002,
          -3.28476764e-002, -1.58143774e-001, -8.86163698e-010,
          1.21267810e-001, 2.84583032e-001, -3.03722993e-002,
          -4.31085862e-002, 2.33609844e-002, -8.77182111e-002,
          -2.12365966e-002, 1.35049403e-001, -6.47921413e-002,
          4.13876362e-002, 4.06368170e-003, 9.37717222e-003,
          1.98762953e-001, -1.26304895e-001, 1.68948378e-002,
          -1.51768297e-001, -8.63826647e-003, 1.21267810e-001,
          5.18549814e-010, 3.94775346e-002, 1.47448182e-001,
          -2.63299756e-002, 2.04776213e-001, 4.76769060e-002,
          -1.44536212e-001, -7.57742748e-002, 1.57840550e-002,
          5.32033071e-002, -1.56531572e-001, 1.03176693e-002,
          1.41896755e-002, 6.01225905e-002, -5.04210293e-002,
          8.63826647e-003, -1.51768297e-001, -5.10604836e-010,
          1.21267810e-001, 2.50784814e-001, -3.84686850e-002,
          -3.10916416e-002, -2.03969609e-002, -5.11599518e-002,
          -1.00343945e-002, 1.06833138e-001, -3.89185026e-002,
          1.87498406e-002, 1.00946622e-002, -2.99527484e-004,
          1.78361222e-001, -1.03266068e-001, 2.91369315e-002,
          -1.43077329e-001, -4.96797673e-002, 1.21267810e-001,
          1.38795572e-010, 3.86839285e-002, 1.51563615e-001,
          -3.23675498e-002, 2.01818541e-001, 4.30181362e-002,
          -1.39323324e-001, -7.17005953e-002, -3.23181972e-002,
          5.06485067e-002, -1.59054354e-001, -1.34886047e-002,
          -1.33533357e-002, 5.23426048e-002, -1.01738144e-002,
          4.96797673e-002, -1.43077329e-001, -1.29901270e-010,
          1.21267810e-001, 2.16534391e-001, -4.66985852e-002,
          -2.10813228e-002, -6.56389147e-002, -1.36203002e-002,
          -1.64844072e-003, 7.61024430e-002, -9.74904466e-003,
          -1.33451587e-003, 1.72556583e-002, -7.18850223e-003,
          1.59176573e-001, -7.76577145e-002, 3.90798822e-002,
          -1.28481016e-001, -8.89064446e-002, 1.21267810e-001,
          -2.48673304e-010, 4.95442078e-002, 1.45881668e-001,
          -2.52966452e-002, 1.70032412e-001, 1.43094296e-002,
          -1.43444359e-001, -6.49013445e-002, -7.14922771e-002,
          5.27325384e-002, -1.16521604e-001, -2.08314303e-002,
          1.20501278e-003, 3.95914577e-002, 5.44549637e-002,
          8.89064446e-002, -1.28481016e-001, 2.58157801e-010,
          1.21267810e-001, 1.76395252e-001, -5.14119156e-002,
          -1.42780235e-002, -1.01363182e-001, 3.48977484e-002,
          9.84526984e-003, 4.09988686e-002, 2.43444610e-002,
          -2.53900215e-002, 6.26937440e-003, -1.72481146e-002,
          1.27507389e-001, -4.65531424e-002, 3.31013091e-002,
          -1.04962863e-001, -1.23408087e-001, 1.21267810e-001,
          -6.31083574e-010, 5.40933199e-002, 1.10102288e-001,
          -1.82105862e-002, 1.26028702e-001, -1.58619881e-002,
          -1.21700644e-001, -3.94223705e-002, -9.75451618e-002,
          4.13327254e-002, -6.40335381e-002, -1.62334871e-002,
          1.73363579e-003, 4.79557253e-002, 1.36710584e-001,
          1.23408087e-001, -1.04962863e-001, 6.40548559e-010,
          1.21267810e-001, 1.31600663e-001, -3.56381722e-002,
          -7.91966543e-003, -1.25147939e-001, 9.82702672e-002,
          3.41422996e-003, -1.43903168e-002, 6.32513016e-002,
          -4.23629768e-002, -2.28105485e-002, -3.25085707e-002,
          1.00158200e-001, -2.34722309e-002, -1.73354195e-003,
          -7.36402348e-002, -1.50932819e-001, 1.21267810e-001,
          -9.85102999e-010, 4.97012921e-002, 5.95929138e-002,
          -1.57104302e-002, 8.60973075e-002, -2.51768995e-002,
          -7.03678057e-002, -6.43143523e-003, -8.63254070e-002,
          2.44378056e-002, -1.16379990e-003, -2.07255743e-002,
          -5.29892975e-003, 4.76819761e-002, 1.64373875e-001,
          1.50932819e-001, -7.36402348e-002, 9.93919169e-010,
          1.21267810e-001, 8.45505744e-002, 7.93282595e-003,
          3.05454433e-003, -1.45684540e-001, 1.59642980e-001,
          -4.31837551e-002, -9.72858369e-002, 7.41353780e-002,
          -5.02103418e-002, -8.59177411e-002, -4.29196805e-002,
          7.44802058e-002, 1.31152198e-002, -1.01948977e-002,
          -3.66957337e-002, -1.70105115e-001, 1.21267810e-001,
          -1.29063493e-009, 3.41820046e-002, 1.77623685e-002,
          -2.06761099e-002, 3.48613597e-002, -8.42527952e-003,
          -3.42188515e-002, -5.58528164e-003, -4.87768725e-002,
          7.88101519e-004, 4.20248955e-002, -2.57423650e-002,
          -2.33887676e-002, 5.01933359e-002, 1.56662524e-001,
          1.70105115e-001, -3.66957337e-002, 1.29823630e-009,
          1.21267810e-001, 4.06593829e-002, 6.58058301e-002,
          3.10893059e-002, -1.44114137e-001, 1.98581189e-001,
          -9.90849584e-002, -1.61032975e-001, 3.63737270e-002,
          -4.10830006e-002, -1.53398976e-001, -5.87568842e-002,
          6.98846355e-002, 5.70651665e-002, 4.27638106e-002,
          4.33992734e-003, -1.75694138e-001, 1.21267810e-001,
          -1.49763002e-009, 3.78051307e-003, 3.70196486e-003,
          -1.45956278e-002, -1.20959152e-002, 2.38940027e-002,
          -2.13074721e-002, -2.97760535e-002, -2.60658804e-002,
          -1.91871058e-002, 5.32421060e-002, -3.69708091e-002,
          -4.69182096e-002, 7.19322339e-002, 1.69113129e-001,
          1.75694138e-001, 4.33992734e-003, 1.50335100e-009,
          1.21267810e-001, 2.65430920e-002, 9.22288746e-002,
          4.29479033e-002, -1.41458899e-001, 2.14207396e-001,
          -1.20757669e-001, -1.97401464e-001, 1.95796862e-002,
          -5.41181229e-002, -1.71880037e-001, -4.95547168e-002,
          6.30535036e-002, 5.82682863e-002, 6.40765652e-002,
          4.49853763e-002, -1.68666691e-001, 1.21267810e-001,
          -1.59677527e-009, -2.45275162e-002, -1.45148979e-002,
          -6.05071802e-003, 8.03935528e-003, 6.86572790e-002,
          -5.86209865e-003, -4.99972627e-002, -1.14995218e-003,
          -2.38144659e-002, 3.26643139e-002, -4.11079563e-002,
          -1.56023176e-002, 5.45370169e-002, 1.33200869e-001,
          1.68666691e-001, 4.49853763e-002, 1.60020908e-009,
          1.21267810e-001, 4.79971282e-002, 6.04083166e-002,
          2.51159966e-002, -1.01266980e-001, 2.07503349e-001,
          -1.06155857e-001, -1.70835778e-001, 2.38726102e-002,
          -2.98341848e-002, -1.61937758e-001, -4.63614725e-002,
          2.62110122e-002, 5.08126803e-002, 1.02649932e-003,
          8.07462111e-002, -1.48537919e-001, 1.21267810e-001,
          -1.56647240e-009, -3.92527319e-002, -6.00706264e-002,
          -7.92357605e-003, 5.77731393e-002, 1.06186055e-001,
          3.11723258e-002, -5.25083467e-002, 3.66060995e-002,
          -3.20402943e-002, 3.58925909e-002, -4.45531756e-002,
          -9.05150361e-003, 2.48658322e-002, 6.90593347e-002,
